-85.5
-20.5
-5
-85.5
-20.5
-4
-85.5
-20.5
-3
-85.5
-20.5
-2
-85.5
-20.5
-1
-85.5
-20.5
0
-85.5
-20.5
1
-85.5
-20.5
2
-85.5
-20.5
3
-85.5
-20.5
4
-75.5
-20.5
-5
-75.5
-20.5
-4
-75.5
-20.5
-3
-75.5
-20.5
-2
-75.5
-20.5
-1
-75.5
-20.5
0
-75.5
-20.5
1
-75.5
-20.5
2
-75.5
-20.5
3
-75.5
-20.5
4
-65.5
-20.5
-5
-65.5
-20.5
-4
-65.5
-20.5
-3
-65.5
-20.5
-2
-65.5
-20.5
-1
-65.5
-20.5
0
-65.5
-20.5
1
-65.5
-20.5
2
-65.5
-20.5
3
-65.5
-20.5
4
-55.5
-20.5
-5
-55.5
-20.5
-4
-55.5
-20.5
-3
-55.5
-20.5
-2
-55.5
-20.5
-1
-55.5
-20.5
0
-55.5
-20.5
1
-55.5
-20.5
2
-55.5
-20.5
3
-55.5
-20.5
4
-45.5
-20.5
-5
-45.5
-20.5
-4
-45.5
-20.5
-3
-45.5
-20.5
-2
-45.5
-20.5
-1
-45.5
-20.5
0
-45.5
-20.5
1
-45.5
-20.5
2
-45.5
-20.5
3
-45.5
-20.5
4
-85.5
-10.5
-5
-85.5
-10.5
-4
-85.5
-10.5
-3
-85.5
-10.5
-2
-85.5
-10.5
-1
-85.5
-10.5
0
-85.5
-10.5
1
-85.5
-10.5
2
-85.5
-10.5
3
-85.5
-10.5
4
-75.5
-10.5
-5
-75.5
-10.5
-4
-75.5
-10.5
-3
-75.5
-10.5
-2
-75.5
-10.5
-1
-75.5
-10.5
0
-75.5
-10.5
1
-75.5
-10.5
2
-75.5
-10.5
3
-75.5
-10.5
4
-65.5
-10.5
-5
-65.5
-10.5
-4
-65.5
-10.5
-3
-65.5
-10.5
-2
-65.5
-10.5
-1
-65.5
-10.5
0
-65.5
-10.5
1
-65.5
-10.5
2
-65.5
-10.5
3
-65.5
-10.5
4
-55.5
-10.5
-5
-55.5
-10.5
-4
-55.5
-10.5
-3
-55.5
-10.5
-2
-55.5
-10.5
-1
-55.5
-10.5
0
-55.5
-10.5
1
-55.5
-10.5
2
-55.5
-10.5
3
-55.5
-10.5
4
-45.5
-10.5
-5
-45.5
-10.5
-4
-45.5
-10.5
-3
-45.5
-10.5
-2
-45.5
-10.5
-1
-45.5
-10.5
0
-45.5
-10.5
1
-45.5
-10.5
2
-45.5
-10.5
3
-45.5
-10.5
4
-85.5
-0.5
-5
-85.5
-0.5
-4
-85.5
-0.5
-3
-85.5
-0.5
-2
-85.5
-0.5
-1
-85.5
-0.5
0
-85.5
-0.5
1
-85.5
-0.5
2
-85.5
-0.5
3
-85.5
-0.5
4
-75.5
-0.5
-5
-75.5
-0.5
-4
-75.5
-0.5
-3
-75.5
-0.5
-2
-75.5
-0.5
-1
-75.5
-0.5
0
-75.5
-0.5
1
-75.5
-0.5
2
-75.5
-0.5
3
-75.5
-0.5
4
-65.5
-0.5
-5
-65.5
-0.5
-4
-65.5
-0.5
-3
-65.5
-0.5
-2
-65.5
-0.5
-1
-65.5
-0.5
0
-65.5
-0.5
1
-65.5
-0.5
2
-65.5
-0.5
3
-65.5
-0.5
4
-55.5
-0.5
-5
-55.5
-0.5
-4
-55.5
-0.5
-3
-55.5
-0.5
-2
-55.5
-0.5
-1
-55.5
-0.5
0
-55.5
-0.5
1
-55.5
-0.5
2
-55.5
-0.5
3
-55.5
-0.5
4
-45.5
-0.5
-5
-45.5
-0.5
-4
-45.5
-0.5
-3
-45.5
-0.5
-2
-45.5
-0.5
-1
-45.5
-0.5
0
-45.5
-0.5
1
-45.5
-0.5
2
-45.5
-0.5
3
-45.5
-0.5
4
-85.5
9.5
-5
-85.5
9.5
-4
-85.5
9.5
-3
-85.5
9.5
-2
-85.5
9.5
-1
-85.5
9.5
0
-85.5
9.5
1
-85.5
9.5
2
-85.5
9.5
3
-85.5
9.5
4
-75.5
9.5
-5
-75.5
9.5
-4
-75.5
9.5
-3
-75.5
9.5
-2
-75.5
9.5
-1
-75.5
9.5
0
-75.5
9.5
1
-75.5
9.5
2
-75.5
9.5
3
-75.5
9.5
4
-65.5
9.5
-5
-65.5
9.5
-4
-65.5
9.5
-3
-65.5
9.5
-2
-65.5
9.5
-1
-65.5
9.5
0
-65.5
9.5
1
-65.5
9.5
2
-65.5
9.5
3
-65.5
9.5
4
-55.5
9.5
-5
-55.5
9.5
-4
-55.5
9.5
-3
-55.5
9.5
-2
-55.5
9.5
-1
-55.5
9.5
0
-55.5
9.5
1
-55.5
9.5
2
-55.5
9.5
3
-55.5
9.5
4
-45.5
9.5
-5
-45.5
9.5
-4
-45.5
9.5
-3
-45.5
9.5
-2
-45.5
9.5
-1
-45.5
9.5
0
-45.5
9.5
1
-45.5
9.5
2
-45.5
9.5
3
-45.5
9.5
4
-85.5
19.5
-5
-85.5
19.5
-4
-85.5
19.5
-3
-85.5
19.5
-2
-85.5
19.5
-1
-85.5
19.5
0
-85.5
19.5
1
-85.5
19.5
2
-85.5
19.5
3
-85.5
19.5
4
-75.5
19.5
-5
-75.5
19.5
-4
-75.5
19.5
-3
-75.5
19.5
-2
-75.5
19.5
-1
-75.5
19.5
0
-75.5
19.5
1
-75.5
19.5
2
-75.5
19.5
3
-75.5
19.5
4
-65.5
19.5
-5
-65.5
19.5
-4
-65.5
19.5
-3
-65.5
19.5
-2
-65.5
19.5
-1
-65.5
19.5
0
-65.5
19.5
1
-65.5
19.5
2
-65.5
19.5
3
-65.5
19.5
4
-55.5
19.5
-5
-55.5
19.5
-4
-55.5
19.5
-3
-55.5
19.5
-2
-55.5
19.5
-1
-55.5
19.5
0
-55.5
19.5
1
-55.5
19.5
2
-55.5
19.5
3
-55.5
19.5
4
-45.5
19.5
-5
-45.5
19.5
-4
-45.5
19.5
-3
-45.5
19.5
-2
-45.5
19.5
-1
-45.5
19.5
0
-45.5
19.5
1
-45.5
19.5
2
-45.5
19.5
3
-45.5
19.5
4
-43.5
-20.5
-5
-43.5
-20.5
-4
-43.5
-20.5
-3
-43.5
-20.5
-2
-43.5
-20.5
-1
-43.5
-20.5
0
-43.5
-20.5
1
-43.5
-20.5
2
-43.5
-20.5
3
-43.5
-20.5
4
-42.5
-20.5
-5
-42.5
-20.5
-4
-42.5
-20.5
-3
-42.5
-20.5
-2
-42.5
-20.5
-1
-42.5
-20.5
0
-42.5
-20.5
1
-42.5
-20.5
2
-42.5
-20.5
3
-42.5
-20.5
4
-41.5
-20.5
-5
-41.5
-20.5
-4
-41.5
-20.5
-3
-41.5
-20.5
-2
-41.5
-20.5
-1
-41.5
-20.5
0
-41.5
-20.5
1
-41.5
-20.5
2
-41.5
-20.5
3
-41.5
-20.5
4
-40.5
-20.5
-5
-40.5
-20.5
-4
-40.5
-20.5
-3
-40.5
-20.5
-2
-40.5
-20.5
-1
-40.5
-20.5
0
-40.5
-20.5
1
-40.5
-20.5
2
-40.5
-20.5
3
-40.5
-20.5
4
-39.5
-20.5
-5
-39.5
-20.5
-4
-39.5
-20.5
-3
-39.5
-20.5
-2
-39.5
-20.5
-1
-39.5
-20.5
0
-39.5
-20.5
1
-39.5
-20.5
2
-39.5
-20.5
3
-39.5
-20.5
4
-22.5
-20.5
-5
-22.5
-20.5
-4
-22.5
-20.5
-3
-22.5
-20.5
-2
-22.5
-20.5
-1
-22.5
-20.5
0
-22.5
-20.5
1
-22.5
-20.5
2
-22.5
-20.5
3
-22.5
-20.5
4
-12.5
-20.5
-5
-12.5
-20.5
-4
-12.5
-20.5
-3
-12.5
-20.5
-2
-12.5
-20.5
-1
-12.5
-20.5
0
-12.5
-20.5
1
-12.5
-20.5
2
-12.5
-20.5
3
-12.5
-20.5
4
-43.5
-10.5
-5
-43.5
-10.5
-4
-43.5
-10.5
-3
-43.5
-10.5
-2
-43.5
-10.5
-1
-43.5
-10.5
0
-43.5
-10.5
1
-43.5
-10.5
2
-43.5
-10.5
3
-43.5
-10.5
4
-42.5
-10.5
-5
-42.5
-10.5
-4
-42.5
-10.5
-3
-42.5
-10.5
-2
-42.5
-10.5
-1
-42.5
-10.5
0
-42.5
-10.5
1
-42.5
-10.5
2
-42.5
-10.5
3
-42.5
-10.5
4
-41.5
-10.5
-5
-41.5
-10.5
-4
-41.5
-10.5
-3
-41.5
-10.5
-2
-41.5
-10.5
-1
-41.5
-10.5
0
-41.5
-10.5
1
-41.5
-10.5
2
-41.5
-10.5
3
-41.5
-10.5
4
-40.5
-10.5
-5
-40.5
-10.5
-4
-40.5
-10.5
-3
-40.5
-10.5
-2
-40.5
-10.5
-1
-40.5
-10.5
0
-40.5
-10.5
1
-40.5
-10.5
2
-40.5
-10.5
3
-40.5
-10.5
4
-39.5
-10.5
-5
-39.5
-10.5
-4
-39.5
-10.5
-3
-39.5
-10.5
-2
-39.5
-10.5
-1
-39.5
-10.5
0
-39.5
-10.5
1
-39.5
-10.5
2
-39.5
-10.5
3
-39.5
-10.5
4
-38.5
-10.5
-5
-38.5
-10.5
-4
-38.5
-10.5
-3
-38.5
-10.5
-2
-38.5
-10.5
-1
-38.5
-10.5
0
-38.5
-10.5
1
-38.5
-10.5
2
-38.5
-10.5
3
-38.5
-10.5
4
-37.5
-10.5
-5
-37.5
-10.5
-4
-37.5
-10.5
-3
-37.5
-10.5
-2
-37.5
-10.5
-1
-37.5
-10.5
0
-37.5
-10.5
1
-37.5
-10.5
2
-37.5
-10.5
3
-37.5
-10.5
4
-36.5
-10.5
-5
-36.5
-10.5
-4
-36.5
-10.5
-3
-36.5
-10.5
-2
-36.5
-10.5
-1
-36.5
-10.5
0
-36.5
-10.5
1
-36.5
-10.5
2
-36.5
-10.5
3
-36.5
-10.5
4
-35.5
-10.5
-5
-35.5
-10.5
-4
-35.5
-10.5
-3
-35.5
-10.5
-2
-35.5
-10.5
-1
-35.5
-10.5
0
-35.5
-10.5
1
-35.5
-10.5
2
-35.5
-10.5
3
-35.5
-10.5
4
-33.5
-10.5
-5
-33.5
-10.5
-4
-33.5
-10.5
-3
-33.5
-10.5
-2
-33.5
-10.5
-1
-33.5
-10.5
0
-33.5
-10.5
1
-33.5
-10.5
2
-33.5
-10.5
3
-33.5
-10.5
4
-31.5
-10.5
-5
-31.5
-10.5
-4
-31.5
-10.5
-3
-31.5
-10.5
-2
-31.5
-10.5
-1
-31.5
-10.5
0
-31.5
-10.5
1
-31.5
-10.5
2
-31.5
-10.5
3
-31.5
-10.5
4
-22.5
-10.5
-5
-22.5
-10.5
-4
-22.5
-10.5
-3
-22.5
-10.5
-2
-22.5
-10.5
-1
-22.5
-10.5
0
-22.5
-10.5
1
-22.5
-10.5
2
-22.5
-10.5
3
-22.5
-10.5
4
-11.5
-10.5
-5
-11.5
-10.5
-4
-11.5
-10.5
-3
-11.5
-10.5
-2
-11.5
-10.5
-1
-11.5
-10.5
0
-11.5
-10.5
1
-11.5
-10.5
2
-11.5
-10.5
3
-11.5
-10.5
4
35.5
-10.5
-5
35.5
-10.5
-4
35.5
-10.5
-3
35.5
-10.5
-2
35.5
-10.5
-1
35.5
-10.5
0
35.5
-10.5
1
35.5
-10.5
2
35.5
-10.5
3
35.5
-10.5
4
37.5
-10.5
-5
37.5
-10.5
-4
37.5
-10.5
-3
37.5
-10.5
-2
37.5
-10.5
-1
37.5
-10.5
0
37.5
-10.5
1
37.5
-10.5
2
37.5
-10.5
3
37.5
-10.5
4
38.5
-10.5
-5
38.5
-10.5
-4
38.5
-10.5
-3
38.5
-10.5
-2
38.5
-10.5
-1
38.5
-10.5
0
38.5
-10.5
1
38.5
-10.5
2
38.5
-10.5
3
38.5
-10.5
4
-43.5
-0.5
-5
-43.5
-0.5
-4
-43.5
-0.5
-3
-43.5
-0.5
-2
-43.5
-0.5
-1
-43.5
-0.5
0
-43.5
-0.5
1
-43.5
-0.5
2
-43.5
-0.5
3
-43.5
-0.5
4
-42.5
-0.5
-5
-42.5
-0.5
-4
-42.5
-0.5
-3
-42.5
-0.5
-2
-42.5
-0.5
-1
-42.5
-0.5
0
-42.5
-0.5
1
-42.5
-0.5
2
-42.5
-0.5
3
-42.5
-0.5
4
-41.5
-0.5
-5
-41.5
-0.5
-4
-41.5
-0.5
-3
-41.5
-0.5
-2
-41.5
-0.5
-1
-41.5
-0.5
0
-41.5
-0.5
1
-41.5
-0.5
2
-41.5
-0.5
3
-41.5
-0.5
4
-40.5
-0.5
-5
-40.5
-0.5
-4
-40.5
-0.5
-3
-40.5
-0.5
-2
-40.5
-0.5
-1
-40.5
-0.5
0
-40.5
-0.5
1
-40.5
-0.5
2
-40.5
-0.5
3
-40.5
-0.5
4
-39.5
-0.5
-5
-39.5
-0.5
-4
-39.5
-0.5
-3
-39.5
-0.5
-2
-39.5
-0.5
-1
-39.5
-0.5
0
-39.5
-0.5
1
-39.5
-0.5
2
-39.5
-0.5
3
-39.5
-0.5
4
-38.5
-0.5
-5
-38.5
-0.5
-4
-38.5
-0.5
-3
-38.5
-0.5
-2
-38.5
-0.5
-1
-38.5
-0.5
0
-38.5
-0.5
1
-38.5
-0.5
2
-38.5
-0.5
3
-38.5
-0.5
4
-37.5
-0.5
-5
-37.5
-0.5
-4
-37.5
-0.5
-3
-37.5
-0.5
-2
-37.5
-0.5
-1
-37.5
-0.5
0
-37.5
-0.5
1
-37.5
-0.5
2
-37.5
-0.5
3
-37.5
-0.5
4
-36.5
-0.5
-5
-36.5
-0.5
-4
-36.5
-0.5
-3
-36.5
-0.5
-2
-36.5
-0.5
-1
-36.5
-0.5
0
-36.5
-0.5
1
-36.5
-0.5
2
-36.5
-0.5
3
-36.5
-0.5
4
-35.5
-0.5
-5
-35.5
-0.5
-4
-35.5
-0.5
-3
-35.5
-0.5
-2
-35.5
-0.5
-1
-35.5
-0.5
0
-35.5
-0.5
1
-35.5
-0.5
2
-35.5
-0.5
3
-35.5
-0.5
4
-34.5
-0.5
-5
-34.5
-0.5
-4
-34.5
-0.5
-3
-34.5
-0.5
-2
-34.5
-0.5
-1
-34.5
-0.5
0
-34.5
-0.5
1
-34.5
-0.5
2
-34.5
-0.5
3
-34.5
-0.5
4
-33.5
-0.5
-5
-33.5
-0.5
-4
-33.5
-0.5
-3
-33.5
-0.5
-2
-33.5
-0.5
-1
-33.5
-0.5
0
-33.5
-0.5
1
-33.5
-0.5
2
-33.5
-0.5
3
-33.5
-0.5
4
-32.5
-0.5
-5
-32.5
-0.5
-4
-32.5
-0.5
-3
-32.5
-0.5
-2
-32.5
-0.5
-1
-32.5
-0.5
0
-32.5
-0.5
1
-32.5
-0.5
2
-32.5
-0.5
3
-32.5
-0.5
4
-31.5
-0.5
-5
-31.5
-0.5
-4
-31.5
-0.5
-3
-31.5
-0.5
-2
-31.5
-0.5
-1
-31.5
-0.5
0
-31.5
-0.5
1
-31.5
-0.5
2
-31.5
-0.5
3
-31.5
-0.5
4
-28.5
-0.5
-5
-28.5
-0.5
-4
-28.5
-0.5
-3
-28.5
-0.5
-2
-28.5
-0.5
-1
-28.5
-0.5
0
-28.5
-0.5
1
-28.5
-0.5
2
-28.5
-0.5
3
-28.5
-0.5
4
-27.5
-0.5
-5
-27.5
-0.5
-4
-27.5
-0.5
-3
-27.5
-0.5
-2
-27.5
-0.5
-1
-27.5
-0.5
0
-27.5
-0.5
1
-27.5
-0.5
2
-27.5
-0.5
3
-27.5
-0.5
4
-11.5
-0.5
-5
-11.5
-0.5
-4
-11.5
-0.5
-3
-11.5
-0.5
-2
-11.5
-0.5
-1
-11.5
-0.5
0
-11.5
-0.5
1
-11.5
-0.5
2
-11.5
-0.5
3
-11.5
-0.5
4
6.5
-0.5
-5
6.5
-0.5
-4
6.5
-0.5
-3
6.5
-0.5
-2
6.5
-0.5
-1
6.5
-0.5
0
6.5
-0.5
1
6.5
-0.5
2
6.5
-0.5
3
6.5
-0.5
4
25.5
-0.5
-5
25.5
-0.5
-4
25.5
-0.5
-3
25.5
-0.5
-2
25.5
-0.5
-1
25.5
-0.5
0
25.5
-0.5
1
25.5
-0.5
2
25.5
-0.5
3
25.5
-0.5
4
26.5
-0.5
-5
26.5
-0.5
-4
26.5
-0.5
-3
26.5
-0.5
-2
26.5
-0.5
-1
26.5
-0.5
0
26.5
-0.5
1
26.5
-0.5
2
26.5
-0.5
3
26.5
-0.5
4
-43.5
9.5
-5
-43.5
9.5
-4
-43.5
9.5
-3
-43.5
9.5
-2
-43.5
9.5
-1
-43.5
9.5
0
-43.5
9.5
1
-43.5
9.5
2
-43.5
9.5
3
-43.5
9.5
4
-42.5
9.5
-5
-42.5
9.5
-4
-42.5
9.5
-3
-42.5
9.5
-2
-42.5
9.5
-1
-42.5
9.5
0
-42.5
9.5
1
-42.5
9.5
2
-42.5
9.5
3
-42.5
9.5
4
-41.5
9.5
-5
-41.5
9.5
-4
-41.5
9.5
-3
-41.5
9.5
-2
-41.5
9.5
-1
-41.5
9.5
0
-41.5
9.5
1
-41.5
9.5
2
-41.5
9.5
3
-41.5
9.5
4
-38.5
9.5
-5
-38.5
9.5
-4
-38.5
9.5
-3
-38.5
9.5
-2
-38.5
9.5
-1
-38.5
9.5
0
-38.5
9.5
1
-38.5
9.5
2
-38.5
9.5
3
-38.5
9.5
4
-37.5
9.5
-5
-37.5
9.5
-4
-37.5
9.5
-3
-37.5
9.5
-2
-37.5
9.5
-1
-37.5
9.5
0
-37.5
9.5
1
-37.5
9.5
2
-37.5
9.5
3
-37.5
9.5
4
-33.5
9.5
-5
-33.5
9.5
-4
-33.5
9.5
-3
-33.5
9.5
-2
-33.5
9.5
-1
-33.5
9.5
0
-33.5
9.5
1
-33.5
9.5
2
-33.5
9.5
3
-33.5
9.5
4
-32.5
9.5
-5
-32.5
9.5
-4
-32.5
9.5
-3
-32.5
9.5
-2
-32.5
9.5
-1
-32.5
9.5
0
-32.5
9.5
1
-32.5
9.5
2
-32.5
9.5
3
-32.5
9.5
4
-29.5
9.5
-5
-29.5
9.5
-4
-29.5
9.5
-3
-29.5
9.5
-2
-29.5
9.5
-1
-29.5
9.5
0
-29.5
9.5
1
-29.5
9.5
2
-29.5
9.5
3
-29.5
9.5
4
-23.5
9.5
-5
-23.5
9.5
-4
-23.5
9.5
-3
-23.5
9.5
-2
-23.5
9.5
-1
-23.5
9.5
0
-23.5
9.5
1
-23.5
9.5
2
-23.5
9.5
3
-23.5
9.5
4
-42.5
19.5
-5
-42.5
19.5
-4
-42.5
19.5
-3
-42.5
19.5
-2
-42.5
19.5
-1
-42.5
19.5
0
-42.5
19.5
1
-42.5
19.5
2
-42.5
19.5
3
-42.5
19.5
4
